19 0.688281 0.692708 0.129688 0.14375
19 0.799219 0.407292 0.117188 0.110417
19 0.957812 0.260417 0.084375 0.104167
19 0.482031 0.234375 0.0921875 0.0604167
19 0.282031 0.290625 0.0765625 0.08125
19 0.08125 0.316667 0.084375 0.0833333
19 0.132813 0.503125 0.1 0.0979167
19 0.0328125 0.476042 0.065625 0.10625
19 0.197656 0.796875 0.0921875 0.210417
19 0.0882813 0.7875 0.117188 0.195833
19 0.399219 0.488542 0.117188 0.102083
19 0.539063 0.475 0.10625 0.116667
19 0.649219 0.475 0.0671875 0.108333
19 0.427344 0.671875 0.0484375 0.11875
19 0.511719 0.623958 0.101563 0.10625
